//九州//
7
hukuoka,man01,福岡,40,600,200,200,200,200,200,80,80,40,4
100,100,100,100,100,100,100,100,100
saga,man01,佐賀,41,460,190,95,200,200,95,110,95,70,4
100,100,120,100,100,100,100,150,20
ooita,man01,大分,44,550,265,160,200,160,160,80,85,35,4
80,80,120,70,100,130,70,100,100
nagasaki,woman05,長崎,42,580,195,205,200,195,205,80,80,50,4
100,100,100,100,70,100,100,70,100
miyazaki,woman05,宮崎,45,620,190,195,200,210,205,75,85,45,4
110,110,110,90,90,90,90,100,100
kumamoto,man01,熊本,43,700,190,260,200,160,260,60,80,25,4
100,90,90,100,100,100,100,110,110
kagosima,woman05,鹿児島,46,530,160,135,400,255,235,90,88,75,4
100,100,100,20,200,50,100,150,50
//四国//
4
kagawa,man01,香川,37,700,210,210,200,210,210,84,84,20,4
100,100,100,100,100,100,100,100,200
ehime,woman05,愛媛,38,550,160,150,400,260,210,80,88,70,4
120,100,100,100,200,50,100,50,0
kouti,man01,高知,39,550,255,160,200,200,160,80,85,30,4
80,80,80,120,100,120,100,100,100
tokusima,woman05,徳島,36,700,180,250,200,185,250,70,80,60,4
100,100,80,90,90,90,90,100,100
//中国//
5
simane,man01,島根,32,450,200,100,200,200,110,95,90,80,4
110,110,110,100,100,100,100,80,120
yamaguti,woman05,山口,35,470,195,110,200,200,100,95,90,75,4
90,100,100,100,100,100,100,100,100
tottori,man01,鳥取,31,540,160,150,400,240,240,85,85,60,4
100,100,120,100,100,100,100,100,100
hirosima,man01,広島,34,560,260,145,200,200,130,80,85,40,4
100,100,50,100,100,100,100,100,100
okayama,man01,岡山,33,540,255,150,200,200,160,80,85,40,4
50,100,100,100,100,100,100,100,100
//関西//
7
oosaka,man01,大阪,27,600,275,160,200,180,160,70,70,40,4
100,100,100,100,100,100,80,100,100
kyouto,man01,京都,26,500,200,120,200,230,120,90,90,70,4
100,100,100,120,100,100,120,100,100
hyougo,man01,兵庫,28,550,210,210,200,210,210,80,80,50,4
100,100,100,100,100,100,100,100,100
siga,woman05,滋賀,25,470,150,100,200,210,105,110,100,15,4
100,100,100,100,50,100,100,100,100
mie,woman05,三重,24,550,170,150,400,255,250,80,88,90,4
100,100,100,100,50,100,100,70,130
nara,man01,奈良,29,600,195,195,200,195,195,85,85,30,4
100,100,100,100,50,120,80,100,100
wakayama,woman05,和歌山,30,530,160,140,400,240,190,90,83,95,4
100,100,100,100,50,80,100,100,100
//中部//
9
gihu,man01,岐阜,21,610,215,205,200,185,185,80,80,35,4
110,120,80,90,135,100,65,100,100
yamanasi,man01,山梨,19,583,180,186,200,200,218,91,82,50,4
110,110,80,85,135,100,65,100,100
aiti,woman05,愛知,23,542,253,148,200,211,148,80,85,45,4
85,85,120,80,80,65,145,120,75
niigata,woman05,新潟,15,558,263,158,200,210,140,83,88,25,4
115,115,115,85,85,95,145,80,75
isikawa,man01,石川,17,530,270,135,200,215,133,80,85,47,4
80,120,120,100,80,120,145,110,65
hukui,woman01,福井,18,440,190,92,200,192,90,115,90,85,4
110,110,120,90,80,90,145,110,90
nagano,man01,長野,20,711,173,258,200,175,265,60,75,35,4
80,80,80,115,135,145,65,100,100
sizuoka,man01,静岡,22,531,175,145,400,270,270,75,95,55,4
120,120,120,80,80,80,145,90,80
toyama,woman05,富山,16,545,170,148,400,263,250,78,86,61,4
80,80,80,120,100,120,165,130,100
//東北//
6
aomori,man01,青森,2,620,210,210,200,200,190,80,80,40,4
110,100,100,110,80,100,100,100,100
iwate,woman05,岩手,3,550,170,150,400,255,255,80,85,55,4
100,90,100,110,80,100,100,100,100
akita,woman05,秋田,5,470,180,100,200,200,100,105,90,85,4
100,100,100,110,80,100,100,100,100
miyagi,man01,宮城,4,500,260,150,200,210,150,75,85,40,4
90,100,100,110,80,100,100,100,100
yamagata,woman05,山形,6,590,200,215,200,200,215,80,80,40,4
100,90,100,110,80,100,100,100,100
hukusima,man01,福島,7,650,190,245,200,190,250,70,80,25,4
110,110,110,110,80,100,100,100,100
//関東//
7
toukyou,man01,東京,13,600,200,200,200,200,200,80,80,40,4
70,70,70,70,70,70,70,70,70
kanagawa,woman05,神奈川,14,750,170,250,200,200,230,80,80,25,4
100,100,100,80,80,80,80,80,80
saitama,woman05,埼玉,11,530,150,140,400,280,200,90,90,60,4
100,100,100,120,100,100,100,120,50
ibaragi,man01,茨城,8,700,170,260,200,150,260,65,80,30,4
100,100,100,100,100,100,100,100,100
gunma,woman05,群馬,10,550,260,160,200,210,140,85,80,50,4
100,120,100,100,80,80,150,80,100
tiba,man01,千葉,12,400,200,90,200,200,90,110,100,20,4
120,120,120,100,100,100,100,200,50
totigi,man01,栃木,9,500,250,140,200,180,160,70,85,40,4
100,100,100,150,100,100,10,100,100
//ラスボス//
2
hokkaidou,man01,北海道,1,1000,220,280,1000,200,280,60,80,40,4
90,90,90,110,90,90,90,90,90
okinawa,woman05,沖縄,47,700,280,220,1000,200,220,80,85,40,4
110,110,110,90,110,90,90,90,90

