7
mapMusic6
15,10
0,0,0,0,0,0,0,0,0,0,0,0,0,0,0
0,0,0,0,0,0,0,0,0,0,0,0,0,0,0
0,0,0,0,0,0,0,0,0,0,0,0,0,9,9
0,0,0,0,0,0,0,0,0,0,0,0,0,9,9
0,0,0,0,0,0,0,0,0,0,0,0,1,9,1
0,0,0,0,0,0,0,0,0,0,0,0,1,9,1
0,0,0,0,0,0,0,0,0,0,0,0,1,9,1
0,0,0,0,0,0,0,0,0,0,0,0,0,9,1
0,0,0,0,0,0,0,0,0,0,0,0,0,0,0
0,0,0,0,0,0,0,0,0,0,0,0,0,0,0

0,0,0,0,0,0,6,6,0,0,0,0,0,0,0
0,4,4,4,4,0,0,5,0,2,2,2,2,0,0
0,4,4,4,4,0,0,5,0,2,2,2,2,0,0
0,4,4,4,4,0,0,5,0,2,2,2,2,0,0
0,0,0,0,0,0,0,5,0,0,0,0,0,0,0
5,5,5,5,5,5,5,5,5,5,5,5,5,5,5
0,0,0,0,0,0,0,5,0,0,0,0,0,0,0
0,1,1,1,1,0,0,5,0,3,3,3,3,0,0
0,1,1,1,1,0,0,5,0,3,3,3,3,0,0
0,1,1,1,1,0,6,6,0,3,3,3,3,0,0
7
toukyou,man01,東京,13,600,200,200,200,200,200,80,80,40,4
70,70,70,70,70,70,70,70,70
3,2
0
kanagawa,woman05,神奈川,14,750,170,250,200,200,230,80,80,25,4
100,100,100,80,80,80,80,80,80
3,1
0
saitama,woman05,埼玉,11,530,150,140,400,280,200,90,90,60,4
100,100,100,120,100,100,100,120,50
3,5
0
ibaragi,man01,茨城,8,700,170,260,200,150,260,65,80,30,4
100,100,100,100,100,100,100,100,100
2,6
0
gunma,woman05,群馬,10,550,260,160,200,210,140,85,80,50,4
100,120,100,100,80,80,150,80,100
6,5
0
tiba,man01,千葉,12,400,200,90,200,200,90,110,100,20,4
120,120,120,100,100,100,100,200,50
0,0
0
totigi,man01,栃木,9,500,250,140,200,180,160,70,85,40,4
100,100,100,150,100,100,10,100,100
2,5
0
////////////////////////////
*   //味方の出撃可能ユニット数
*  // mapMusic
*,* //mapの大きさ
***************   ///
***************   ///
***************   ///  
***************   /// mapの中身    9 <- 初期配置可能エリア
***************   ///              1 <- 初期配置の初期値
***************   ///
***************   ///
***************   ///
***************   ///
***************   ///
***************   /// fieldの中身     0<- 草原  4<- 要塞
***************   ///                 1<- 海    5<- 道路
***************   ///                 2<- 山    6<- 進入禁止
***************   ///                 3<- 森
*   //敵のPiece数
画像のファイル名,アイコンのファイル名,名前,id,hp,攻撃,防御,sp,特功,特防,回避,命中,運,移動距離,属性,斬の入りやすさ,突の入りやすさ,打の入りやすさ,初期位置x,初期位置y ///敵の情報
画像のファイル名,アイコンのファイル名,名前,id,hp,攻撃,防御,sp,特功,特防,回避,命中,運,移動距離,属性,斬の入りやすさ,突の入りやすさ,打の入りやすさ,初期位置x,初期位置y  ///敵の情報
 :
 :
 :
