7
mapMusic7
15,10
0,0,0,0,0,0,0,0,9,9,9,9,9,9,9
0,0,0,0,0,0,0,0,9,9,9,9,9,9,9
0,0,0,0,0,0,0,0,9,9,9,9,9,9,9
0,0,0,0,0,0,0,0,9,9,1,1,9,9,9
0,0,0,0,0,0,0,0,9,9,1,1,9,9,9
0,0,0,0,0,0,0,0,9,9,1,1,9,9,9
0,0,0,0,0,0,0,0,9,9,9,1,9,9,9
0,0,0,0,0,0,0,0,9,9,9,9,9,9,9
0,0,0,0,0,0,0,0,9,9,9,9,9,9,9
0,0,0,0,0,0,0,0,9,9,9,9,9,9,9

4,4,0,0,0,0,0,0,0,0,0,0,0,4,4
4,4,0,0,0,0,0,0,0,0,0,0,0,4,4
0,0,0,0,0,0,0,0,0,0,0,0,0,0,0
0,0,0,0,0,0,0,0,0,0,0,0,0,0,0
0,0,0,0,0,0,0,0,0,0,0,0,0,0,0
0,0,0,0,0,0,0,0,0,0,0,0,0,0,0
0,0,0,0,0,0,0,0,0,0,0,0,0,0,0
0,0,0,0,0,0,0,0,0,0,0,0,0,0,0
4,4,0,0,0,0,0,0,0,0,0,0,0,4,4
4,4,0,0,0,0,0,0,0,0,0,0,0,4,4
2
hokkaidou,man01,北海道,1,1000,220,280,1000,200,280,60,80,40,4
90,90,90,110,90,90,90,90,90
1,3
0
okinawa,woman05,沖縄,47,700,280,220,1000,200,220,80,85,40,4
110,110,110,90,110,90,90,90,90
1,5
0
////////////////////////////
*   //味方の出撃可能ユニット数
*  // mapMusic
*,* //mapの大きさ
***************   ///
***************   ///
***************   ///  
***************   /// mapの中身    9 <- 初期配置可能エリア
***************   ///              1 <- 初期配置の初期値
***************   ///
***************   ///
***************   ///
***************   ///
***************   ///
***************   /// fieldの中身     0<- 草原  4<- 要塞
***************   ///                 1<- 海    5<- 道路
***************   ///                 2<- 山    6<- 進入禁止
***************   ///                 3<- 森
*   //敵のPiece数
画像のファイル名,アイコンのファイル名,名前,id,hp,攻撃,防御,sp,特功,特防,回避,命中,運,移動距離,属性,斬の入りやすさ,突の入りやすさ,打の入りやすさ,初期位置x,初期位置y ///敵の情報
画像のファイル名,アイコンのファイル名,名前,id,hp,攻撃,防御,sp,特功,特防,回避,命中,運,移動距離,属性,斬の入りやすさ,突の入りやすさ,打の入りやすさ,初期位置x,初期位置y  ///敵の情報
 :
 :
 :
