7
mapMusic4
15,10
0,0,0,0,0,0,0,0,0,0,0,0,0,0,0
0,0,0,0,0,0,0,0,0,0,0,0,0,0,0
0,0,0,0,0,0,0,0,0,0,0,0,9,9,9
0,0,0,0,0,0,0,0,0,0,0,0,1,9,9
0,0,0,0,0,0,0,0,0,0,0,0,1,1,9
0,0,0,0,0,0,0,0,0,0,0,0,9,1,9
0,0,0,0,0,0,0,0,0,0,0,0,1,1,9
0,0,0,0,0,0,0,0,0,0,0,0,1,9,9
0,0,0,0,0,0,0,0,0,0,0,0,9,9,9
0,0,0,0,0,0,0,0,0,0,0,0,9,9,9

4,4,3,3,3,3,4,4,3,3,3,3,3,4,4
4,4,3,3,3,3,4,4,3,3,3,3,3,4,4
0,0,0,2,2,0,0,0,0,0,2,2,0,0,0
0,0,0,2,2,0,3,3,3,0,2,2,0,0,0
0,0,0,2,2,0,0,0,0,0,2,2,0,0,0
0,0,0,2,2,0,3,3,3,0,2,2,0,0,0
0,0,0,2,2,0,0,0,0,0,2,2,0,0,0
0,0,0,2,2,0,3,3,3,0,2,2,0,0,0
0,0,0,2,2,0,0,0,0,0,2,2,0,0,0
0,0,0,2,2,0,3,3,3,0,2,2,0,0,0
9
gihu,man01,岐阜,21,610,215,205,200,185,185,80,80,35,4
110,120,80,90,135,100,65,100,100
0,3
0
yamanasi,man01,山梨,19,583,180,186,200,200,218,91,82,50,4
110,110,80,85,135,100,65,100,100
0,4
0
aiti,woman05,愛知,23,542,253,148,200,211,148,80,85,45,4
85,85,120,80,80,65,145,120,75
0,5
0
niigata,woman05,新潟,15,558,263,158,200,210,140,83,88,25,4
115,115,115,85,85,95,145,80,75
0,6
0
isikawa,man01,石川,17,530,270,135,200,215,133,80,85,47,4
80,120,120,100,80,120,145,110,65
2,3
0
hukui,woman01,福井,18,440,190,92,200,192,90,115,90,85,4
110,110,120,90,80,90,145,110,90
2,4
0
nagano,man01,長野,20,711,173,258,200,175,265,60,75,35,4
80,80,80,115,135,145,65,100,100
2,5
0
sizuoka,man01,静岡,22,531,175,145,400,270,270,75,95,55,4
120,120,120,80,80,80,145,90,80
2,6
0
toyama,woman05,富山,16,545,170,148,400,263,250,78,86,61,4
80,80,80,120,100,120,165,130,100
1,4
0
////////////////////////////
*   //味方の出撃可能ユニット数
*  // mapMusic
*,* //mapの大きさ
***************   ///
***************   ///
***************   ///  
***************   /// mapの中身    9 <- 初期配置可能エリア
***************   ///              1 <- 初期配置の初期値
***************   ///
***************   ///
***************   ///
***************   ///
***************   ///
***************   /// fieldの中身     0<- 草原  4<- 要塞
***************   ///                 1<- 海    5<- 道路
***************   ///                 2<- 山    6<- 進入禁止
***************   ///                 3<- 森
*   //敵のPiece数
画像のファイル名,アイコンのファイル名,名前,id,hp,攻撃,防御,sp,特功,特防,回避,命中,運,移動距離,属性,斬の入りやすさ,突の入りやすさ,打の入りやすさ,初期位置x,初期位置y ///敵の情報
画像のファイル名,アイコンのファイル名,名前,id,hp,攻撃,防御,sp,特功,特防,回避,命中,運,移動距離,属性,斬の入りやすさ,突の入りやすさ,打の入りやすさ,初期位置x,初期位置y  ///敵の情報
 :
 :
 :