7
mapMusic3
15,10
0,0,0,0,0,0,0,0,0,0,0,0,0,0,0
0,0,0,0,0,0,0,0,0,0,0,0,0,0,0
0,0,0,0,0,0,0,0,0,9,9,9,0,0,0
0,0,0,0,0,0,0,0,0,9,1,9,0,0,0
0,0,0,0,0,0,0,0,0,9,1,1,0,0,0
0,0,0,0,0,0,0,0,0,9,1,1,0,0,0
0,0,0,0,0,0,0,0,0,9,1,1,0,0,0
0,0,0,0,0,0,0,0,0,9,9,9,0,0,0
0,0,0,0,0,0,0,0,0,0,0,0,0,0,0
0,0,0,0,0,0,0,0,0,0,0,0,0,0,0

2,2,2,2,2,2,2,2,2,2,2,2,2,2,2
2,2,6,6,6,6,6,6,6,6,6,6,6,2,2
2,2,6,0,0,0,0,0,0,0,0,0,6,2,2
2,2,6,0,0,0,0,0,0,0,0,0,6,2,2
2,2,6,0,0,0,0,0,0,0,0,0,6,2,2
2,2,6,0,0,0,0,0,0,0,0,0,6,2,2
2,2,6,0,0,0,0,0,0,0,0,0,6,2,2
2,2,6,0,0,0,0,0,0,0,0,0,6,2,2
2,2,6,6,6,6,6,6,6,6,6,6,6,2,2
2,2,2,2,2,2,2,2,2,2,2,2,2,2,2
7
oosaka,man01,大阪,27,600,275,160,200,180,160,70,70,40,4
100,100,100,100,100,100,80,100,100
5,4
0
kyouto,man01,京都,26,500,200,120,200,230,120,90,90,70,4
100,100,100,120,100,100,120,100,100
5,5
0
hyougo,man01,兵庫,28,550,210,210,200,210,210,80,80,50,4
100,100,100,100,100,100,100,100,100
4,3
0
siga,woman05,滋賀,25,470,150,100,200,210,105,110,100,15,4
100,100,100,100,50,100,100,100,100
3,7
0
mie,woman05,三重,24,550,170,150,400,255,250,80,88,90,4
100,100,100,100,50,100,100,70,130
4,2
0
nara,man01,奈良,29,600,195,195,200,195,195,85,85,30,4
100,100,100,100,50,120,80,100,100
4,7
0
wakayama,woman05,和歌山,30,530,160,140,400,240,190,90,83,95,4
100,100,100,100,50,80,100,100,100
4,6
0
////////////////////////////
*   //味方の出撃可能ユニット数
*  // mapMusic
*,* //mapの大きさ
***************   ///
***************   ///
***************   ///  
***************   /// mapの中身    9 <- 初期配置可能エリア
***************   ///              1 <- 初期配置の初期値
***************   ///
***************   ///
***************   ///
***************   ///
***************   ///
***************   /// fieldの中身     0<- 草原  4<- 要塞
***************   ///                 1<- 海    5<- 道路
***************   ///                 2<- 山    6<- 進入禁止
***************   ///                 3<- 森
*   //敵のPiece数
画像のファイル名,アイコンのファイル名,名前,id,hp,攻撃,防御,sp,特功,特防,回避,命中,運,移動距離,属性,斬の入りやすさ,突の入りやすさ,打の入りやすさ,初期位置x,初期位置y ///敵の情報
画像のファイル名,アイコンのファイル名,名前,id,hp,攻撃,防御,sp,特功,特防,回避,命中,運,移動距離,属性,斬の入りやすさ,突の入りやすさ,打の入りやすさ,初期位置x,初期位置y  ///敵の情報
 :
 :
 :