7
hukuoka,man01,福岡,40,600,200,200,200,200,200,80,80,40,4
100,100,100,100,100,100,100,100,100
0
saga,man01,佐賀,41,600,190,95,200,200,95,110,95,70,4
100,100,120,100,100,100,100,150,20
4
ooita,man01,大分,44,600,265,160,200,160,160,80,85,35,4
80,80,120,70,100,130,70,100,100
1
nagasaki,woman05,長崎,42,580,195,205,200,195,205,80,80,50,4
100,100,100,100,70,100,100,70,100
0
miyazaki,woman05,宮崎,45,620,190,195,200,210,205,75,85,45,4
110,110,110,90,90,90,90,100,100
0
kumamoto,man01,熊本,43,700,190,260,200,160,260,60,80,25,4
100,90,90,100,100,100,100,110,110
0
kagosima,woman05,鹿児島,46,530,160,135,400,255,235,90,88,75,4
100,100,100,20,200,50,100,150,50
0
