4
mapMusic1
15,10
0,0,0,0,0,0,0,0,0,0,0,0,0,0,0
0,0,0,0,0,0,0,0,0,0,0,0,9,0,0
0,0,0,0,0,0,0,0,0,0,0,0,9,9,0
0,0,0,0,0,0,0,0,0,0,0,0,1,9,0
0,0,0,0,0,0,0,0,0,0,0,0,9,1,0
0,0,0,0,0,0,0,0,0,0,0,0,9,1,0
0,0,0,0,0,0,0,0,0,0,0,0,9,9,0
0,0,0,0,0,0,0,0,0,0,0,0,1,9,0
0,0,0,0,0,0,0,0,0,0,0,0,9,9,0
0,0,0,0,0,0,0,0,0,0,0,0,0,0,0

1,1,1,0,0,1,0,0,1,0,0,1,1,1,1
1,1,0,0,0,0,0,0,0,0,0,0,0,1,1
1,0,0,0,0,0,0,0,0,0,0,0,0,0,1
1,0,0,2,0,0,0,0,0,2,2,0,0,0,1
1,0,2,2,2,2,2,2,2,2,2,2,0,0,1
0,2,2,2,2,2,2,2,2,2,2,2,0,0,0
0,0,2,2,0,0,0,0,0,0,2,0,0,0,0
0,0,0,0,0,0,0,0,0,0,0,0,0,0,0
1,0,0,1,1,1,0,0,0,0,1,0,0,0,1
1,1,0,1,1,1,0,0,0,1,1,1,0,0,1
4
kagawa,man01,香川,37,700,210,210,200,210,210,84,84,20,4
100,100,100,100,100,100,100,100,200
4,6
0
ehime,woman05,愛媛,38,550,160,150,400,260,210,80,88,70,4
120,100,100,100,200,50,100,50,0
2,3
0
kouti,man01,高知,39,550,255,160,200,200,160,80,85,30,4
80,80,80,120,100,120,100,100,100
3,7
0
tokusima,woman05,徳島,36,700,180,250,200,185,250,70,80,60,4
100,100,80,90,90,90,90,100,100
0,5
0

////////////////////////////
*   //味方の出撃可能ユニット数
*  // mapMusic
*,* //mapの大きさ
***************   ///
***************   ///
***************   ///  
***************   /// mapの中身    9 <- 初期配置可能エリア
***************   ///              1 <- 初期配置の初期値
***************   ///
***************   ///
***************   ///
***************   ///
***************   ///
***************   /// fieldの中身     0<- 草原  4<- 要塞
***************   ///                 1<- 海    5<- 道路
***************   ///                 2<- 山    6<- 進入禁止
***************   ///                 3<- 森
*   //敵のPiece数
画像のファイル名,アイコンのファイル名,名前,id,hp,攻撃,防御,sp,特功,特防,回避,命中,運,移動距離,属性,斬の入りやすさ,突の入りやすさ,打の入りやすさ,初期位置x,初期位置y ///敵の情報
画像のファイル名,アイコンのファイル名,名前,id,hp,攻撃,防御,sp,特功,特防,回避,命中,運,移動距離,属性,斬の入りやすさ,突の入りやすさ,打の入りやすさ,初期位置x,初期位置y  ///敵の情報
 :
 :
 :
