6
mapMusic5
15,10
0,0,0,0,0,0,0,0,0,0,0,0,0,0,0
0,0,0,0,0,0,0,0,0,0,0,0,0,0,0
0,0,0,0,0,0,0,0,0,0,0,0,0,0,0
0,0,0,0,0,0,0,0,0,0,0,0,1,0,0
0,0,0,0,0,0,0,0,0,0,0,0,9,1,0
0,0,0,0,0,0,0,0,0,0,0,0,9,1,9
0,0,0,0,0,0,0,0,0,0,9,9,9,1,9
0,0,0,0,0,0,0,0,0,0,9,1,1,9,9
0,0,0,0,0,0,0,0,0,0,0,0,0,0,0
0,0,0,0,0,0,0,0,0,0,0,0,0,0,0

1,1,1,1,3,1,1,1,1,3,3,1,1,1,1
1,1,3,3,3,3,1,1,3,3,3,3,3,1,1
1,3,3,3,2,2,3,1,3,4,4,4,4,1,1
1,3,3,2,2,2,2,3,2,2,2,2,2,2,1
1,3,2,2,2,2,2,2,2,2,2,2,3,3,1
1,3,2,5,5,5,5,5,5,5,5,2,3,3,3
3,3,3,2,2,3,2,2,3,2,2,3,3,3,3
1,0,0,0,2,3,4,4,3,2,2,3,3,3,3
4,4,0,1,1,1,4,4,1,3,1,3,3,3,1
4,4,0,1,1,1,1,1,1,1,1,1,3,3,1
6
aomori,man01,青森,2,620,210,210,200,200,190,80,80,40,4
110,100,100,110,80,100,100,100,100
0,6
0
iwate,woman05,岩手,3,550,170,150,400,255,255,80,85,55,4
100,90,100,110,80,100,100,100,100
1,6
0
akita,woman05,秋田,5,470,180,100,200,200,100,105,90,85,4
100,100,100,110,80,100,100,100,100
2,6
0
miyagi,man01,宮城,4,500,260,150,200,210,150,75,85,40,4
90,100,100,110,80,100,100,100,100
0,9
0
yamagata,woman05,山形,6,590,200,215,200,200,215,80,80,40,4
100,90,100,110,80,100,100,100,100
1,8
0
hukusima,man01,福島,7,650,190,245,200,190,250,70,80,25,4
110,110,110,110,80,100,100,100,100
2,8
0
////////////////////////////
*   //味方の出撃可能ユニット数
*  // mapMusic
*,* //mapの大きさ
***************   ///
***************   ///
***************   ///  
***************   /// mapの中身    9 <- 初期配置可能エリア
***************   ///              1 <- 初期配置の初期値
***************   ///
***************   ///
***************   ///
***************   ///
***************   ///
***************   /// fieldの中身     0<- 草原  4<- 要塞
***************   ///                 1<- 海    5<- 道路
***************   ///                 2<- 山    6<- 進入禁止
***************   ///                 3<- 森
*   //敵のPiece数
画像のファイル名,アイコンのファイル名,名前,id,hp,攻撃,防御,sp,特功,特防,回避,命中,運,移動距離,属性,斬の入りやすさ,突の入りやすさ,打の入りやすさ,初期位置x,初期位置y ///敵の情報
画像のファイル名,アイコンのファイル名,名前,id,hp,攻撃,防御,sp,特功,特防,回避,命中,運,移動距離,属性,斬の入りやすさ,突の入りやすさ,打の入りやすさ,初期位置x,初期位置y  ///敵の情報
 :
 :
 :
