5
mapMusic2
15,10
0,0,0,0,0,0,0,0,0,0,9,9,9,0,0
0,0,0,0,0,0,0,0,0,0,9,1,9,0,0
0,0,0,0,0,0,0,0,0,9,9,9,0,0,0
0,0,0,0,0,0,0,0,0,9,1,9,0,0,0
0,0,0,0,0,0,0,0,0,0,0,0,0,0,0
0,0,0,0,0,0,0,0,0,0,0,0,0,0,0
0,0,0,0,0,0,0,0,0,0,0,0,0,0,0
0,0,0,0,0,0,0,0,0,0,0,9,9,1,9
0,0,0,0,0,0,0,0,0,0,0,9,1,9,9
0,0,0,0,0,0,0,0,0,0,0,9,9,9,1

0,0,0,0,0,0,0,0,0,0,0,0,0,0,0
0,3,3,3,3,3,3,3,3,3,3,3,3,3,3
0,3,5,5,5,5,5,5,5,5,5,5,5,5,5
0,3,5,3,3,3,3,3,3,3,3,3,3,3,3
0,3,5,3,0,0,0,0,0,0,0,0,0,0,0
1,1,5,1,1,1,1,1,1,1,1,1,1,1,1
0,3,5,3,0,0,0,0,0,0,0,0,0,0,0
0,3,5,3,3,3,3,3,3,3,3,3,3,3,3
0,3,5,5,5,5,5,5,5,5,5,5,5,5,5
0,3,3,3,3,3,3,3,3,3,3,3,3,3,3
5
simane,man01,島根,32,450,200,100,200,200,110,95,90,80,4
110,110,110,100,100,100,100,80,120
3,1
0
yamaguti,woman05,山口,35,470,195,110,200,200,100,95,90,75,4
90,100,100,100,100,100,100,100,100
2,7
0
tottori,man01,鳥取,31,540,160,150,400,240,240,85,85,60,4
100,100,120,100,100,100,100,100,100
4,7
0
hirosima,man01,広島,34,560,260,145,200,200,130,80,85,40,4
100,100,50,100,100,100,100,100,100
2,2
0
okayama,man01,岡山,33,540,255,150,200,200,160,80,85,40,4
50,100,100,100,100,100,100,100,100
4,8
0
////////////////////////////
*   //味方の出撃可能ユニット数
*  // mapMusic
*,* //mapの大きさ
***************   ///
***************   ///
***************   ///  
***************   /// mapの中身    9 <- 初期配置可能エリア
***************   ///              1 <- 初期配置の初期値
***************   ///
***************   ///
***************   ///
***************   ///
***************   ///
***************   /// fieldの中身     0<- 草原  4<- 要塞
***************   ///                 1<- 海    5<- 道路
***************   ///                 2<- 山    6<- 進入禁止
***************   ///                 3<- 森
*   //敵のPiece数
画像のファイル名,アイコンのファイル名,名前,id,hp,攻撃,防御,sp,特功,特防,回避,命中,運,移動距離,属性,斬の入りやすさ,突の入りやすさ,打の入りやすさ,初期位置x,初期位置y ///敵の情報
画像のファイル名,アイコンのファイル名,名前,id,hp,攻撃,防御,sp,特功,特防,回避,命中,運,移動距離,属性,斬の入りやすさ,突の入りやすさ,打の入りやすさ,初期位置x,初期位置y  ///敵の情報
 :
 :
 :